MAX Val Accuracy,Learning rate,Batch size,Units hiddenLayer,Nro epoch
0.8290155529975891,1.0,64.0,32.0,76.0
0.7668393850326538,0.1,64.0,32.0,100.0
0.6683937907218933,0.01,64.0,32.0,100.0
0.6010362505912781,0.001,64.0,32.0,16.0
0.38860103487968445,0.0001,64.0,32.0,88.0
0.8238341808319092,1.0,16.0,32.0,74.0
0.8601036071777344,1.0,32.0,32.0,66.0
0.8341968655586243,1.0,64.0,32.0,97.0
0.8290155529975891,1.0,128.0,32.0,95.0
0.7409326434135437,1.0,256.0,32.0,52.0
0.8082901835441589,1.0,32.0,16.0,100.0
0.8290155529975891,1.0,32.0,32.0,98.0
0.8549222946166992,1.0,32.0,64.0,84.0
0.8601036071777344,1.0,32.0,128.0,55.0
0.8704662919044495,1.0,32.0,256.0,91.0
0.8704662919044495,1.0,32.0,512.0,55.0
0.8652849793434143,1.0,32.0,1024.0,98.0
0.8704662919044495,1.0,32.0,2048.0,65.0
0.8704662919044495,1.0,32.0,4096.0,46.0
0.7979274392127991,1.0,64.0,16.0,100.0
0.8601036071777344,1.0,64.0,32.0,95.0
0.8497409224510193,1.0,64.0,64.0,49.0
0.8652849793434143,1.0,64.0,128.0,91.0
0.8652849793434143,1.0,64.0,256.0,81.0
0.8704662919044495,1.0,64.0,512.0,69.0
0.8652849793434143,1.0,64.0,1024.0,67.0
0.8652849793434143,1.0,64.0,2048.0,90.0
0.8652849793434143,1.0,64.0,4096.0,54.0
