MAX Accuracy,Learning rate,Batch size,Units hiddenLayer,Nro epoch
0.8690012693405151,1.0,64.0,32.0,99.0
0.8197146654129028,0.1,64.0,32.0,95.0
0.69520103931427,0.01,64.0,32.0,100.0
0.60959792137146,0.001,64.0,32.0,98.0
0.38780805468559265,0.0001,64.0,32.0,86.0
0.8223087191581726,1.0,16.0,32.0,52.0
0.8819714784622192,1.0,32.0,32.0,71.0
0.8715953230857849,1.0,64.0,32.0,95.0
0.8728923201560974,1.0,128.0,32.0,94.0
0.8664072751998901,1.0,256.0,32.0,100.0
0.8521400690078735,1.0,32.0,16.0,90.0
0.8793774247169495,1.0,32.0,32.0,98.0
0.8819714784622192,1.0,32.0,64.0,84.0
0.8923475742340088,1.0,32.0,128.0,76.0
0.8845654726028442,1.0,32.0,256.0,94.0
0.8884565234184265,1.0,32.0,512.0,77.0
0.8910505771636963,1.0,32.0,1024.0,92.0
0.8897535800933838,1.0,32.0,2048.0,51.0
0.8923475742340088,1.0,32.0,4096.0,55.0
0.8599221706390381,1.0,64.0,16.0,87.0
0.8767833709716797,1.0,64.0,32.0,89.0
0.887159526348114,1.0,64.0,64.0,95.0
0.887159526348114,1.0,64.0,128.0,76.0
0.8845654726028442,1.0,64.0,256.0,88.0
0.8884565234184265,1.0,64.0,512.0,70.0
0.8858625292778015,1.0,64.0,1024.0,61.0
0.8845654726028442,1.0,64.0,2048.0,89.0
0.887159526348114,1.0,64.0,4096.0,68.0
