MAX Val Accuracy,Learning rate,Batch size,Units hiddenLayer,Nro epoch
0.8497409224510193,1.0,64.0,32.0,95.0
0.818652868270874,0.1,64.0,32.0,94.0
0.6994818449020386,0.01,64.0,32.0,99.0
0.5699481964111328,0.001,64.0,32.0,8.0
0.5233160853385925,0.0001,64.0,32.0,92.0
0.8445596098899841,1.0,16.0,32.0,65.0
0.8497409224510193,1.0,32.0,32.0,83.0
0.8445596098899841,1.0,64.0,32.0,46.0
0.8238341808319092,1.0,128.0,32.0,94.0
0.7772020697593689,1.0,256.0,32.0,92.0
0.8341968655586243,1.0,32.0,16.0,97.0
0.8393782377243042,1.0,32.0,32.0,68.0
0.8601036071777344,1.0,32.0,64.0,71.0
0.8601036071777344,1.0,32.0,128.0,40.0
0.8549222946166992,1.0,32.0,256.0,42.0
0.8549222946166992,1.0,32.0,512.0,29.0
0.8549222946166992,1.0,32.0,1024.0,33.0
0.8549222946166992,1.0,32.0,2048.0,38.0
0.8652849793434143,1.0,32.0,4096.0,37.0
0.8290155529975891,1.0,64.0,16.0,98.0
0.8497409224510193,1.0,64.0,32.0,77.0
0.8601036071777344,1.0,64.0,64.0,63.0
0.8549222946166992,1.0,64.0,128.0,62.0
0.8549222946166992,1.0,64.0,256.0,54.0
0.8497409224510193,1.0,64.0,512.0,33.0
0.8497409224510193,1.0,64.0,1024.0,35.0
0.8445596098899841,1.0,64.0,2048.0,30.0
0.8445596098899841,1.0,64.0,4096.0,38.0
